{
 "cells": [
  {
   "cell_type": "code",
   "execution_count": 1,
   "metadata": {},
   "outputs": [
    {
     "name": "stderr",
     "output_type": "stream",
     "text": [
      "/home/calvin/code/RMG-Py/rmgpy/rmg/reactors.py:53: RuntimeWarning: Unable to import Julia dependencies, original error: No module named 'julia'\n",
      "  warnings.warn(\"Unable to import Julia dependencies, original error: \" + str(e), RuntimeWarning)\n",
      "/home/calvin/miniforge3/envs/arc_env/lib/python3.7/site-packages/paramiko/transport.py:219: CryptographyDeprecationWarning: Blowfish has been deprecated\n",
      "  \"class\": algorithms.Blowfish,\n"
     ]
    }
   ],
   "source": [
    "import os\n",
    "import sys\n",
    "import unittest\n",
    "\n",
    "import pandas as pd\n",
    "from arc.species.converter import str_to_xyz, check_xyz_dict\n",
    "\n",
    "bitsplitter_path = \"~/code/BiTSplitter\"\n",
    "arc_path = \"~/code/ARC\"\n",
    "rmg_path = \"~/code/RMG-Py\"\n",
    "rmg_database_path = \"~/code/RMG-database\"\n",
    "sys.path.append(os.path.expanduser((bitsplitter_path)))\n",
    "sys.path.append(os.path.expanduser((arc_path)))\n",
    "sys.path.append(os.path.expanduser((rmg_path)))\n",
    "from src import h_abs_atoms, split\n",
    "from src.h_abs_atoms import convert_xyz_to_df, get_h_abs_atoms, pull_atoms_closer"
   ]
  },
  {
   "cell_type": "code",
   "execution_count": 2,
   "metadata": {},
   "outputs": [],
   "source": [
    "original_r2h_xyz = [\n",
    "    \"C      -2.05538800    0.07234800   -0.49099900\",\n",
    "    \"C      -0.74610400   -0.62663400   -0.81778700\",\n",
    "    \"S       0.32493500    0.25905800   -1.97823800\",\n",
    "    \"C      -0.71718300    0.36419500   -3.45511200\",\n",
    "    \"C      -1.13746000   -0.97365000   -4.04088400\",\n",
    "    \"H      -2.70046000    0.14267700   -1.36842600\",\n",
    "    \"H      -2.60160100   -0.48482600    0.27334200\",\n",
    "    \"H      -1.87582500    1.08250800   -0.12132600\",\n",
    "    \"H      -0.13198500   -0.72455400    0.07893700\",\n",
    "    \"H      -0.92537100   -1.63744800   -1.18785600\",\n",
    "    \"H      -1.58731400    0.98738400   -3.24217900\",\n",
    "    \"H      -0.10212300    0.91614700   -4.16777900\",\n",
    "    \"H      -1.78758900   -1.52239800   -3.35739900\",\n",
    "    \"H      -0.26763400   -1.59618800   -4.25342200\",\n",
    "    \"H      -1.69158400   -0.82291700   -4.96998900\",\n",
    "]\n",
    "original_r2h_xyz = \"\\n\".join(original_r2h_xyz)\n",
    "original_r2h_xyz = check_xyz_dict(original_r2h_xyz)\n",
    "\n",
    "original_r1h_xyz = [\n",
    "    \"C      -1.17782200    0.22414900    0.18179300\",\n",
    "    \"C      -0.56332800   -1.16364800    0.06776700\",\n",
    "    \"O       0.69432400   -1.19963000    0.71463000\",\n",
    "    \"C       1.55474000   -0.22884200    0.20113300\",\n",
    "    \"O       1.07294000    1.06956400    0.36976300\",\n",
    "    \"C      -0.16072200    1.24932200   -0.29895000\",\n",
    "    \"H      -2.09274500    0.28660800   -0.41169100\",\n",
    "    \"H      -1.43029900    0.42478700    1.22478600\",\n",
    "    \"H      -1.18219600   -1.92346200    0.54307400\",\n",
    "    \"H      -0.43892400   -1.43466100   -0.99190600\",\n",
    "    \"H       1.72499500   -0.42067700   -0.87421200\",\n",
    "    \"H       2.48963500   -0.30105000    0.75239500\",\n",
    "    \"H      -0.00799200    1.14808000   -1.38442500\",\n",
    "    \"H      -0.48260400    2.26946000   -0.09415600\",\n",
    "]\n",
    "original_r1h_xyz = \"\\n\".join(original_r1h_xyz)\n",
    "original_r1h_xyz = check_xyz_dict(original_r1h_xyz)\n",
    "\n",
    "original_ts_xyz = [\n",
    "    \"C      -0.09221400   -1.06679200   -0.03100200\",\n",
    "    \"C       0.09586600   -0.43281200    1.32049400\",\n",
    "    \"O      -0.51444500   -1.23662600    2.32652300\",\n",
    "    \"C      -1.85850800   -1.46856200    2.03618800\",\n",
    "    \"O      -2.05067100   -2.15088600    0.83306500\",\n",
    "    \"C      -1.54229200   -1.39709900   -0.26260100\",\n",
    "    \"H       0.58131300   -1.89998400   -0.22532800\",\n",
    "    \"H       1.14475100   -0.33540400    1.59168300\",\n",
    "    \"H      -0.35459800    0.57127000    1.33569400\",\n",
    "    \"H      -2.39877400   -0.50452300    2.00008300\",\n",
    "    \"H      -2.25696500   -2.09699400    2.82999300\",\n",
    "    \"H      -2.13266900   -0.47386700   -0.36269300\",\n",
    "    \"H      -1.69572700   -2.00216300   -1.15494400\",\n",
    "    \"C      -0.81428500    1.51242100   -2.09016600\",\n",
    "    \"C       0.53252700    0.89854200   -1.78603000\",\n",
    "    \"S       1.65310700    2.05076900   -1.02915400\",\n",
    "    \"C       3.23898400    1.21072900   -1.25730200\",\n",
    "    \"C       3.42540400   -0.04948500   -0.42901300\",\n",
    "    \"H      -0.73212100    2.31474600   -2.82686000\",\n",
    "    \"H      -1.49225800    0.75487100   -2.48682600\",\n",
    "    \"H      -1.26805800    1.93037400   -1.18884300\",\n",
    "    \"H       0.29229300   -0.07292200   -0.96842400\",\n",
    "    \"H       0.98957600    0.41304800   -2.65017200\",\n",
    "    \"H       3.36183300    1.00220700   -2.32207400\",\n",
    "    \"H       3.98546300    1.95988100   -0.98915300\",\n",
    "    \"H       2.68198400   -0.80514000   -0.68422500\",\n",
    "    \"H       3.33710700    0.16840000    0.63572300\",\n",
    "    \"H       4.41388500   -0.47724900   -0.61019500\",\n",
    "]\n",
    "original_ts_xyz = \"\\n\".join(original_ts_xyz)\n",
    "original_ts_xyz = check_xyz_dict(original_ts_xyz)\n",
    "ts_df = h_abs_atoms.convert_xyz_to_df(original_ts_xyz)\n",
    "ts_results = h_abs_atoms.get_h_abs_atoms(ts_df)\n",
    "\n",
    "g1_xyz, g2_xyz, index_dict = split.get_group_xyzs_and_key_indices_from_ts(\n",
    "    xyz=original_ts_xyz, a=ts_results[\"A\"], b=ts_results[\"B\"], h=ts_results[\"H\"]\n",
    ")"
   ]
  },
  {
   "cell_type": "code",
   "execution_count": 3,
   "metadata": {},
   "outputs": [
    {
     "data": {
      "text/html": [
       "<div>\n",
       "<style scoped>\n",
       "    .dataframe tbody tr th:only-of-type {\n",
       "        vertical-align: middle;\n",
       "    }\n",
       "\n",
       "    .dataframe tbody tr th {\n",
       "        vertical-align: top;\n",
       "    }\n",
       "\n",
       "    .dataframe thead th {\n",
       "        text-align: right;\n",
       "    }\n",
       "</style>\n",
       "<table border=\"1\" class=\"dataframe\">\n",
       "  <thead>\n",
       "    <tr style=\"text-align: right;\">\n",
       "      <th></th>\n",
       "      <th>C0</th>\n",
       "      <th>C1</th>\n",
       "      <th>S2</th>\n",
       "      <th>C3</th>\n",
       "      <th>C4</th>\n",
       "      <th>H5</th>\n",
       "      <th>H6</th>\n",
       "      <th>H7</th>\n",
       "      <th>H8</th>\n",
       "      <th>H9</th>\n",
       "      <th>H10</th>\n",
       "      <th>H11</th>\n",
       "      <th>H12</th>\n",
       "      <th>H13</th>\n",
       "      <th>H14</th>\n",
       "    </tr>\n",
       "  </thead>\n",
       "  <tbody>\n",
       "    <tr>\n",
       "      <th>C0</th>\n",
       "      <td>0.000000</td>\n",
       "      <td>1.511042</td>\n",
       "      <td>2.739268</td>\n",
       "      <td>4.148936</td>\n",
       "      <td>4.813932</td>\n",
       "      <td>1.092334</td>\n",
       "      <td>1.091269</td>\n",
       "      <td>1.092235</td>\n",
       "      <td>2.235203</td>\n",
       "      <td>2.185439</td>\n",
       "      <td>4.213557</td>\n",
       "      <td>4.944697</td>\n",
       "      <td>4.423986</td>\n",
       "      <td>5.144990</td>\n",
       "      <td>5.786438</td>\n",
       "    </tr>\n",
       "    <tr>\n",
       "      <th>C1</th>\n",
       "      <td>1.511042</td>\n",
       "      <td>0.000000</td>\n",
       "      <td>1.776566</td>\n",
       "      <td>2.775234</td>\n",
       "      <td>3.333015</td>\n",
       "      <td>2.165247</td>\n",
       "      <td>2.147443</td>\n",
       "      <td>2.159494</td>\n",
       "      <td>1.292259</td>\n",
       "      <td>1.091485</td>\n",
       "      <td>2.881503</td>\n",
       "      <td>3.699219</td>\n",
       "      <td>2.955786</td>\n",
       "      <td>3.776727</td>\n",
       "      <td>4.282561</td>\n",
       "    </tr>\n",
       "    <tr>\n",
       "      <th>S2</th>\n",
       "      <td>2.739268</td>\n",
       "      <td>1.776566</td>\n",
       "      <td>0.000000</td>\n",
       "      <td>1.809067</td>\n",
       "      <td>2.812876</td>\n",
       "      <td>2.998457</td>\n",
       "      <td>3.701011</td>\n",
       "      <td>2.928003</td>\n",
       "      <td>2.523007</td>\n",
       "      <td>2.397937</td>\n",
       "      <td>2.385554</td>\n",
       "      <td>2.334469</td>\n",
       "      <td>3.055124</td>\n",
       "      <td>3.025059</td>\n",
       "      <td>3.766736</td>\n",
       "    </tr>\n",
       "    <tr>\n",
       "      <th>C3</th>\n",
       "      <td>4.148936</td>\n",
       "      <td>2.775234</td>\n",
       "      <td>1.809067</td>\n",
       "      <td>0.000000</td>\n",
       "      <td>1.519524</td>\n",
       "      <td>4.410447</td>\n",
       "      <td>4.909601</td>\n",
       "      <td>4.564647</td>\n",
       "      <td>3.227104</td>\n",
       "      <td>2.763371</td>\n",
       "      <td>1.091931</td>\n",
       "      <td>1.091038</td>\n",
       "      <td>2.168500</td>\n",
       "      <td>2.163243</td>\n",
       "      <td>2.156017</td>\n",
       "    </tr>\n",
       "    <tr>\n",
       "      <th>C4</th>\n",
       "      <td>4.813932</td>\n",
       "      <td>3.333015</td>\n",
       "      <td>2.812876</td>\n",
       "      <td>1.519524</td>\n",
       "      <td>0.000000</td>\n",
       "      <td>5.350166</td>\n",
       "      <td>5.391195</td>\n",
       "      <td>5.150317</td>\n",
       "      <td>3.179292</td>\n",
       "      <td>3.328775</td>\n",
       "      <td>2.166513</td>\n",
       "      <td>2.159855</td>\n",
       "      <td>1.090331</td>\n",
       "      <td>1.090382</td>\n",
       "      <td>1.092201</td>\n",
       "    </tr>\n",
       "    <tr>\n",
       "      <th>H5</th>\n",
       "      <td>1.092334</td>\n",
       "      <td>2.165247</td>\n",
       "      <td>2.998457</td>\n",
       "      <td>4.410447</td>\n",
       "      <td>5.350166</td>\n",
       "      <td>0.000000</td>\n",
       "      <td>1.768231</td>\n",
       "      <td>1.765806</td>\n",
       "      <td>3.194396</td>\n",
       "      <td>2.571364</td>\n",
       "      <td>4.328744</td>\n",
       "      <td>5.075302</td>\n",
       "      <td>5.097125</td>\n",
       "      <td>5.758029</td>\n",
       "      <td>6.260209</td>\n",
       "    </tr>\n",
       "    <tr>\n",
       "      <th>H6</th>\n",
       "      <td>1.091269</td>\n",
       "      <td>2.147443</td>\n",
       "      <td>3.701011</td>\n",
       "      <td>4.909601</td>\n",
       "      <td>5.391195</td>\n",
       "      <td>1.768231</td>\n",
       "      <td>0.000000</td>\n",
       "      <td>1.765455</td>\n",
       "      <td>2.485037</td>\n",
       "      <td>2.510583</td>\n",
       "      <td>4.863180</td>\n",
       "      <td>5.805213</td>\n",
       "      <td>4.807005</td>\n",
       "      <td>5.780746</td>\n",
       "      <td>6.318417</td>\n",
       "    </tr>\n",
       "    <tr>\n",
       "      <th>H7</th>\n",
       "      <td>1.092235</td>\n",
       "      <td>2.159494</td>\n",
       "      <td>2.928003</td>\n",
       "      <td>4.564647</td>\n",
       "      <td>5.150317</td>\n",
       "      <td>1.765806</td>\n",
       "      <td>1.765455</td>\n",
       "      <td>0.000000</td>\n",
       "      <td>2.548818</td>\n",
       "      <td>3.087826</td>\n",
       "      <td>4.856089</td>\n",
       "      <td>5.257398</td>\n",
       "      <td>4.831202</td>\n",
       "      <td>5.257484</td>\n",
       "      <td>6.198061</td>\n",
       "    </tr>\n",
       "    <tr>\n",
       "      <th>H8</th>\n",
       "      <td>2.235203</td>\n",
       "      <td>1.292259</td>\n",
       "      <td>2.523007</td>\n",
       "      <td>3.227104</td>\n",
       "      <td>3.179292</td>\n",
       "      <td>3.194396</td>\n",
       "      <td>2.485037</td>\n",
       "      <td>2.548818</td>\n",
       "      <td>0.000000</td>\n",
       "      <td>1.884316</td>\n",
       "      <td>3.522832</td>\n",
       "      <td>4.215711</td>\n",
       "      <td>2.515459</td>\n",
       "      <td>3.449988</td>\n",
       "      <td>4.156841</td>\n",
       "    </tr>\n",
       "    <tr>\n",
       "      <th>H9</th>\n",
       "      <td>2.185439</td>\n",
       "      <td>1.091485</td>\n",
       "      <td>2.397937</td>\n",
       "      <td>2.763371</td>\n",
       "      <td>3.328775</td>\n",
       "      <td>2.571364</td>\n",
       "      <td>2.510583</td>\n",
       "      <td>3.087826</td>\n",
       "      <td>1.884316</td>\n",
       "      <td>0.000000</td>\n",
       "      <td>2.466244</td>\n",
       "      <td>3.758592</td>\n",
       "      <td>2.865864</td>\n",
       "      <td>4.045721</td>\n",
       "      <td>4.084119</td>\n",
       "    </tr>\n",
       "    <tr>\n",
       "      <th>H10</th>\n",
       "      <td>4.213557</td>\n",
       "      <td>2.881503</td>\n",
       "      <td>2.385554</td>\n",
       "      <td>1.091931</td>\n",
       "      <td>2.166513</td>\n",
       "      <td>4.328744</td>\n",
       "      <td>4.863180</td>\n",
       "      <td>4.856089</td>\n",
       "      <td>3.522832</td>\n",
       "      <td>2.466244</td>\n",
       "      <td>0.000000</td>\n",
       "      <td>1.755771</td>\n",
       "      <td>2.532044</td>\n",
       "      <td>3.073176</td>\n",
       "      <td>2.495222</td>\n",
       "    </tr>\n",
       "    <tr>\n",
       "      <th>H11</th>\n",
       "      <td>4.944697</td>\n",
       "      <td>3.699219</td>\n",
       "      <td>2.334469</td>\n",
       "      <td>1.091038</td>\n",
       "      <td>2.159855</td>\n",
       "      <td>5.075302</td>\n",
       "      <td>5.805213</td>\n",
       "      <td>5.257398</td>\n",
       "      <td>4.215711</td>\n",
       "      <td>3.758592</td>\n",
       "      <td>1.755771</td>\n",
       "      <td>0.000000</td>\n",
       "      <td>3.072032</td>\n",
       "      <td>2.503995</td>\n",
       "      <td>2.503349</td>\n",
       "    </tr>\n",
       "    <tr>\n",
       "      <th>H12</th>\n",
       "      <td>4.423986</td>\n",
       "      <td>2.955786</td>\n",
       "      <td>3.055124</td>\n",
       "      <td>2.168500</td>\n",
       "      <td>1.090331</td>\n",
       "      <td>5.097125</td>\n",
       "      <td>4.807005</td>\n",
       "      <td>4.831202</td>\n",
       "      <td>2.515459</td>\n",
       "      <td>2.865864</td>\n",
       "      <td>2.532044</td>\n",
       "      <td>3.072032</td>\n",
       "      <td>0.000000</td>\n",
       "      <td>1.766134</td>\n",
       "      <td>1.764221</td>\n",
       "    </tr>\n",
       "    <tr>\n",
       "      <th>H13</th>\n",
       "      <td>5.144990</td>\n",
       "      <td>3.776727</td>\n",
       "      <td>3.025059</td>\n",
       "      <td>2.163243</td>\n",
       "      <td>1.090382</td>\n",
       "      <td>5.758029</td>\n",
       "      <td>5.780746</td>\n",
       "      <td>5.257484</td>\n",
       "      <td>3.449988</td>\n",
       "      <td>4.045721</td>\n",
       "      <td>3.073176</td>\n",
       "      <td>2.503995</td>\n",
       "      <td>1.766134</td>\n",
       "      <td>0.000000</td>\n",
       "      <td>1.768792</td>\n",
       "    </tr>\n",
       "    <tr>\n",
       "      <th>H14</th>\n",
       "      <td>5.786438</td>\n",
       "      <td>4.282561</td>\n",
       "      <td>3.766736</td>\n",
       "      <td>2.156017</td>\n",
       "      <td>1.092201</td>\n",
       "      <td>6.260209</td>\n",
       "      <td>6.318417</td>\n",
       "      <td>6.198061</td>\n",
       "      <td>4.156841</td>\n",
       "      <td>4.084119</td>\n",
       "      <td>2.495222</td>\n",
       "      <td>2.503349</td>\n",
       "      <td>1.764221</td>\n",
       "      <td>1.768792</td>\n",
       "      <td>0.000000</td>\n",
       "    </tr>\n",
       "  </tbody>\n",
       "</table>\n",
       "</div>"
      ],
      "text/plain": [
       "           C0        C1        S2        C3        C4        H5        H6  \\\n",
       "C0   0.000000  1.511042  2.739268  4.148936  4.813932  1.092334  1.091269   \n",
       "C1   1.511042  0.000000  1.776566  2.775234  3.333015  2.165247  2.147443   \n",
       "S2   2.739268  1.776566  0.000000  1.809067  2.812876  2.998457  3.701011   \n",
       "C3   4.148936  2.775234  1.809067  0.000000  1.519524  4.410447  4.909601   \n",
       "C4   4.813932  3.333015  2.812876  1.519524  0.000000  5.350166  5.391195   \n",
       "H5   1.092334  2.165247  2.998457  4.410447  5.350166  0.000000  1.768231   \n",
       "H6   1.091269  2.147443  3.701011  4.909601  5.391195  1.768231  0.000000   \n",
       "H7   1.092235  2.159494  2.928003  4.564647  5.150317  1.765806  1.765455   \n",
       "H8   2.235203  1.292259  2.523007  3.227104  3.179292  3.194396  2.485037   \n",
       "H9   2.185439  1.091485  2.397937  2.763371  3.328775  2.571364  2.510583   \n",
       "H10  4.213557  2.881503  2.385554  1.091931  2.166513  4.328744  4.863180   \n",
       "H11  4.944697  3.699219  2.334469  1.091038  2.159855  5.075302  5.805213   \n",
       "H12  4.423986  2.955786  3.055124  2.168500  1.090331  5.097125  4.807005   \n",
       "H13  5.144990  3.776727  3.025059  2.163243  1.090382  5.758029  5.780746   \n",
       "H14  5.786438  4.282561  3.766736  2.156017  1.092201  6.260209  6.318417   \n",
       "\n",
       "           H7        H8        H9       H10       H11       H12       H13  \\\n",
       "C0   1.092235  2.235203  2.185439  4.213557  4.944697  4.423986  5.144990   \n",
       "C1   2.159494  1.292259  1.091485  2.881503  3.699219  2.955786  3.776727   \n",
       "S2   2.928003  2.523007  2.397937  2.385554  2.334469  3.055124  3.025059   \n",
       "C3   4.564647  3.227104  2.763371  1.091931  1.091038  2.168500  2.163243   \n",
       "C4   5.150317  3.179292  3.328775  2.166513  2.159855  1.090331  1.090382   \n",
       "H5   1.765806  3.194396  2.571364  4.328744  5.075302  5.097125  5.758029   \n",
       "H6   1.765455  2.485037  2.510583  4.863180  5.805213  4.807005  5.780746   \n",
       "H7   0.000000  2.548818  3.087826  4.856089  5.257398  4.831202  5.257484   \n",
       "H8   2.548818  0.000000  1.884316  3.522832  4.215711  2.515459  3.449988   \n",
       "H9   3.087826  1.884316  0.000000  2.466244  3.758592  2.865864  4.045721   \n",
       "H10  4.856089  3.522832  2.466244  0.000000  1.755771  2.532044  3.073176   \n",
       "H11  5.257398  4.215711  3.758592  1.755771  0.000000  3.072032  2.503995   \n",
       "H12  4.831202  2.515459  2.865864  2.532044  3.072032  0.000000  1.766134   \n",
       "H13  5.257484  3.449988  4.045721  3.073176  2.503995  1.766134  0.000000   \n",
       "H14  6.198061  4.156841  4.084119  2.495222  2.503349  1.764221  1.768792   \n",
       "\n",
       "          H14  \n",
       "C0   5.786438  \n",
       "C1   4.282561  \n",
       "S2   3.766736  \n",
       "C3   2.156017  \n",
       "C4   1.092201  \n",
       "H5   6.260209  \n",
       "H6   6.318417  \n",
       "H7   6.198061  \n",
       "H8   4.156841  \n",
       "H9   4.084119  \n",
       "H10  2.495222  \n",
       "H11  2.503349  \n",
       "H12  1.764221  \n",
       "H13  1.768792  \n",
       "H14  0.000000  "
      ]
     },
     "execution_count": 3,
     "metadata": {},
     "output_type": "execute_result"
    }
   ],
   "source": [
    "convert_xyz_to_df(g1_xyz)"
   ]
  },
  {
   "cell_type": "code",
   "execution_count": 4,
   "metadata": {},
   "outputs": [
    {
     "data": {
      "text/html": [
       "<div>\n",
       "<style scoped>\n",
       "    .dataframe tbody tr th:only-of-type {\n",
       "        vertical-align: middle;\n",
       "    }\n",
       "\n",
       "    .dataframe tbody tr th {\n",
       "        vertical-align: top;\n",
       "    }\n",
       "\n",
       "    .dataframe thead th {\n",
       "        text-align: right;\n",
       "    }\n",
       "</style>\n",
       "<table border=\"1\" class=\"dataframe\">\n",
       "  <thead>\n",
       "    <tr style=\"text-align: right;\">\n",
       "      <th></th>\n",
       "      <th>C0</th>\n",
       "      <th>C1</th>\n",
       "      <th>S2</th>\n",
       "      <th>C3</th>\n",
       "      <th>C4</th>\n",
       "      <th>H5</th>\n",
       "      <th>H6</th>\n",
       "      <th>H7</th>\n",
       "      <th>H8</th>\n",
       "      <th>H9</th>\n",
       "      <th>H10</th>\n",
       "      <th>H11</th>\n",
       "      <th>H12</th>\n",
       "      <th>H13</th>\n",
       "      <th>H14</th>\n",
       "    </tr>\n",
       "  </thead>\n",
       "  <tbody>\n",
       "    <tr>\n",
       "      <th>C0</th>\n",
       "      <td>0.000000</td>\n",
       "      <td>1.519734</td>\n",
       "      <td>2.812948</td>\n",
       "      <td>3.265262</td>\n",
       "      <td>3.812924</td>\n",
       "      <td>1.091303</td>\n",
       "      <td>1.092249</td>\n",
       "      <td>1.090561</td>\n",
       "      <td>2.158555</td>\n",
       "      <td>2.164706</td>\n",
       "      <td>2.936899</td>\n",
       "      <td>4.248053</td>\n",
       "      <td>3.291076</td>\n",
       "      <td>4.487305</td>\n",
       "      <td>4.582052</td>\n",
       "    </tr>\n",
       "    <tr>\n",
       "      <th>C1</th>\n",
       "      <td>1.519734</td>\n",
       "      <td>0.000000</td>\n",
       "      <td>1.810586</td>\n",
       "      <td>2.817457</td>\n",
       "      <td>3.265262</td>\n",
       "      <td>2.171301</td>\n",
       "      <td>2.157207</td>\n",
       "      <td>2.163907</td>\n",
       "      <td>1.091258</td>\n",
       "      <td>1.091253</td>\n",
       "      <td>3.031561</td>\n",
       "      <td>3.743973</td>\n",
       "      <td>2.887337</td>\n",
       "      <td>3.601744</td>\n",
       "      <td>4.263008</td>\n",
       "    </tr>\n",
       "    <tr>\n",
       "      <th>S2</th>\n",
       "      <td>2.812948</td>\n",
       "      <td>1.810586</td>\n",
       "      <td>0.000000</td>\n",
       "      <td>1.810586</td>\n",
       "      <td>2.812948</td>\n",
       "      <td>3.088435</td>\n",
       "      <td>3.766642</td>\n",
       "      <td>2.994918</td>\n",
       "      <td>2.325562</td>\n",
       "      <td>2.405141</td>\n",
       "      <td>2.405141</td>\n",
       "      <td>2.325561</td>\n",
       "      <td>3.088435</td>\n",
       "      <td>2.994919</td>\n",
       "      <td>3.766642</td>\n",
       "    </tr>\n",
       "    <tr>\n",
       "      <th>C3</th>\n",
       "      <td>3.265262</td>\n",
       "      <td>2.817457</td>\n",
       "      <td>1.810586</td>\n",
       "      <td>0.000000</td>\n",
       "      <td>1.519734</td>\n",
       "      <td>2.887337</td>\n",
       "      <td>4.263008</td>\n",
       "      <td>3.601743</td>\n",
       "      <td>3.743973</td>\n",
       "      <td>3.031562</td>\n",
       "      <td>1.091253</td>\n",
       "      <td>1.091258</td>\n",
       "      <td>2.171301</td>\n",
       "      <td>2.163907</td>\n",
       "      <td>2.157208</td>\n",
       "    </tr>\n",
       "    <tr>\n",
       "      <th>C4</th>\n",
       "      <td>3.812924</td>\n",
       "      <td>3.265262</td>\n",
       "      <td>2.812948</td>\n",
       "      <td>1.519734</td>\n",
       "      <td>0.000000</td>\n",
       "      <td>3.291077</td>\n",
       "      <td>4.582052</td>\n",
       "      <td>4.487305</td>\n",
       "      <td>4.248053</td>\n",
       "      <td>2.936899</td>\n",
       "      <td>2.164706</td>\n",
       "      <td>2.158555</td>\n",
       "      <td>1.091304</td>\n",
       "      <td>1.090561</td>\n",
       "      <td>1.092250</td>\n",
       "    </tr>\n",
       "    <tr>\n",
       "      <th>H5</th>\n",
       "      <td>1.091303</td>\n",
       "      <td>2.171301</td>\n",
       "      <td>3.088435</td>\n",
       "      <td>2.887337</td>\n",
       "      <td>3.291077</td>\n",
       "      <td>0.000000</td>\n",
       "      <td>1.760379</td>\n",
       "      <td>1.765946</td>\n",
       "      <td>3.073111</td>\n",
       "      <td>2.520395</td>\n",
       "      <td>2.337429</td>\n",
       "      <td>3.896920</td>\n",
       "      <td>2.749877</td>\n",
       "      <td>4.155177</td>\n",
       "      <td>3.862830</td>\n",
       "    </tr>\n",
       "    <tr>\n",
       "      <th>H6</th>\n",
       "      <td>1.092249</td>\n",
       "      <td>2.157207</td>\n",
       "      <td>3.766642</td>\n",
       "      <td>4.263008</td>\n",
       "      <td>4.582052</td>\n",
       "      <td>1.760379</td>\n",
       "      <td>0.000000</td>\n",
       "      <td>1.771736</td>\n",
       "      <td>2.488828</td>\n",
       "      <td>2.504672</td>\n",
       "      <td>3.943991</td>\n",
       "      <td>5.285231</td>\n",
       "      <td>3.862829</td>\n",
       "      <td>5.212880</td>\n",
       "      <td>5.332444</td>\n",
       "    </tr>\n",
       "    <tr>\n",
       "      <th>H7</th>\n",
       "      <td>1.090561</td>\n",
       "      <td>2.163907</td>\n",
       "      <td>2.994918</td>\n",
       "      <td>3.601743</td>\n",
       "      <td>4.487305</td>\n",
       "      <td>1.765946</td>\n",
       "      <td>1.771736</td>\n",
       "      <td>0.000000</td>\n",
       "      <td>2.519237</td>\n",
       "      <td>3.072297</td>\n",
       "      <td>3.135604</td>\n",
       "      <td>4.421253</td>\n",
       "      <td>4.155176</td>\n",
       "      <td>5.180339</td>\n",
       "      <td>5.212880</td>\n",
       "    </tr>\n",
       "    <tr>\n",
       "      <th>H8</th>\n",
       "      <td>2.158555</td>\n",
       "      <td>1.091258</td>\n",
       "      <td>2.325562</td>\n",
       "      <td>3.743973</td>\n",
       "      <td>4.248053</td>\n",
       "      <td>3.073111</td>\n",
       "      <td>2.488828</td>\n",
       "      <td>2.519237</td>\n",
       "      <td>0.000000</td>\n",
       "      <td>1.751457</td>\n",
       "      <td>4.009804</td>\n",
       "      <td>4.552734</td>\n",
       "      <td>3.896920</td>\n",
       "      <td>4.421253</td>\n",
       "      <td>5.285232</td>\n",
       "    </tr>\n",
       "    <tr>\n",
       "      <th>H9</th>\n",
       "      <td>2.164706</td>\n",
       "      <td>1.091253</td>\n",
       "      <td>2.405141</td>\n",
       "      <td>3.031562</td>\n",
       "      <td>2.936899</td>\n",
       "      <td>2.520395</td>\n",
       "      <td>2.504672</td>\n",
       "      <td>3.072297</td>\n",
       "      <td>1.751457</td>\n",
       "      <td>0.000000</td>\n",
       "      <td>3.398258</td>\n",
       "      <td>4.009804</td>\n",
       "      <td>2.337429</td>\n",
       "      <td>3.135604</td>\n",
       "      <td>3.943992</td>\n",
       "    </tr>\n",
       "    <tr>\n",
       "      <th>H10</th>\n",
       "      <td>2.936899</td>\n",
       "      <td>3.031561</td>\n",
       "      <td>2.405141</td>\n",
       "      <td>1.091253</td>\n",
       "      <td>2.164706</td>\n",
       "      <td>2.337429</td>\n",
       "      <td>3.943991</td>\n",
       "      <td>3.135604</td>\n",
       "      <td>4.009804</td>\n",
       "      <td>3.398258</td>\n",
       "      <td>0.000000</td>\n",
       "      <td>1.751457</td>\n",
       "      <td>2.520395</td>\n",
       "      <td>3.072298</td>\n",
       "      <td>2.504673</td>\n",
       "    </tr>\n",
       "    <tr>\n",
       "      <th>H11</th>\n",
       "      <td>4.248053</td>\n",
       "      <td>3.743973</td>\n",
       "      <td>2.325561</td>\n",
       "      <td>1.091258</td>\n",
       "      <td>2.158555</td>\n",
       "      <td>3.896920</td>\n",
       "      <td>5.285231</td>\n",
       "      <td>4.421253</td>\n",
       "      <td>4.552734</td>\n",
       "      <td>4.009804</td>\n",
       "      <td>1.751457</td>\n",
       "      <td>0.000000</td>\n",
       "      <td>3.073111</td>\n",
       "      <td>2.519237</td>\n",
       "      <td>2.488829</td>\n",
       "    </tr>\n",
       "    <tr>\n",
       "      <th>H12</th>\n",
       "      <td>3.291076</td>\n",
       "      <td>2.887337</td>\n",
       "      <td>3.088435</td>\n",
       "      <td>2.171301</td>\n",
       "      <td>1.091304</td>\n",
       "      <td>2.749877</td>\n",
       "      <td>3.862829</td>\n",
       "      <td>4.155176</td>\n",
       "      <td>3.896920</td>\n",
       "      <td>2.337429</td>\n",
       "      <td>2.520395</td>\n",
       "      <td>3.073111</td>\n",
       "      <td>0.000000</td>\n",
       "      <td>1.765946</td>\n",
       "      <td>1.760380</td>\n",
       "    </tr>\n",
       "    <tr>\n",
       "      <th>H13</th>\n",
       "      <td>4.487305</td>\n",
       "      <td>3.601744</td>\n",
       "      <td>2.994919</td>\n",
       "      <td>2.163907</td>\n",
       "      <td>1.090561</td>\n",
       "      <td>4.155177</td>\n",
       "      <td>5.212880</td>\n",
       "      <td>5.180339</td>\n",
       "      <td>4.421253</td>\n",
       "      <td>3.135604</td>\n",
       "      <td>3.072298</td>\n",
       "      <td>2.519237</td>\n",
       "      <td>1.765946</td>\n",
       "      <td>0.000000</td>\n",
       "      <td>1.771736</td>\n",
       "    </tr>\n",
       "    <tr>\n",
       "      <th>H14</th>\n",
       "      <td>4.582052</td>\n",
       "      <td>4.263008</td>\n",
       "      <td>3.766642</td>\n",
       "      <td>2.157208</td>\n",
       "      <td>1.092250</td>\n",
       "      <td>3.862830</td>\n",
       "      <td>5.332444</td>\n",
       "      <td>5.212880</td>\n",
       "      <td>5.285232</td>\n",
       "      <td>3.943992</td>\n",
       "      <td>2.504673</td>\n",
       "      <td>2.488829</td>\n",
       "      <td>1.760380</td>\n",
       "      <td>1.771736</td>\n",
       "      <td>0.000000</td>\n",
       "    </tr>\n",
       "  </tbody>\n",
       "</table>\n",
       "</div>"
      ],
      "text/plain": [
       "           C0        C1        S2        C3        C4        H5        H6  \\\n",
       "C0   0.000000  1.519734  2.812948  3.265262  3.812924  1.091303  1.092249   \n",
       "C1   1.519734  0.000000  1.810586  2.817457  3.265262  2.171301  2.157207   \n",
       "S2   2.812948  1.810586  0.000000  1.810586  2.812948  3.088435  3.766642   \n",
       "C3   3.265262  2.817457  1.810586  0.000000  1.519734  2.887337  4.263008   \n",
       "C4   3.812924  3.265262  2.812948  1.519734  0.000000  3.291077  4.582052   \n",
       "H5   1.091303  2.171301  3.088435  2.887337  3.291077  0.000000  1.760379   \n",
       "H6   1.092249  2.157207  3.766642  4.263008  4.582052  1.760379  0.000000   \n",
       "H7   1.090561  2.163907  2.994918  3.601743  4.487305  1.765946  1.771736   \n",
       "H8   2.158555  1.091258  2.325562  3.743973  4.248053  3.073111  2.488828   \n",
       "H9   2.164706  1.091253  2.405141  3.031562  2.936899  2.520395  2.504672   \n",
       "H10  2.936899  3.031561  2.405141  1.091253  2.164706  2.337429  3.943991   \n",
       "H11  4.248053  3.743973  2.325561  1.091258  2.158555  3.896920  5.285231   \n",
       "H12  3.291076  2.887337  3.088435  2.171301  1.091304  2.749877  3.862829   \n",
       "H13  4.487305  3.601744  2.994919  2.163907  1.090561  4.155177  5.212880   \n",
       "H14  4.582052  4.263008  3.766642  2.157208  1.092250  3.862830  5.332444   \n",
       "\n",
       "           H7        H8        H9       H10       H11       H12       H13  \\\n",
       "C0   1.090561  2.158555  2.164706  2.936899  4.248053  3.291076  4.487305   \n",
       "C1   2.163907  1.091258  1.091253  3.031561  3.743973  2.887337  3.601744   \n",
       "S2   2.994918  2.325562  2.405141  2.405141  2.325561  3.088435  2.994919   \n",
       "C3   3.601743  3.743973  3.031562  1.091253  1.091258  2.171301  2.163907   \n",
       "C4   4.487305  4.248053  2.936899  2.164706  2.158555  1.091304  1.090561   \n",
       "H5   1.765946  3.073111  2.520395  2.337429  3.896920  2.749877  4.155177   \n",
       "H6   1.771736  2.488828  2.504672  3.943991  5.285231  3.862829  5.212880   \n",
       "H7   0.000000  2.519237  3.072297  3.135604  4.421253  4.155176  5.180339   \n",
       "H8   2.519237  0.000000  1.751457  4.009804  4.552734  3.896920  4.421253   \n",
       "H9   3.072297  1.751457  0.000000  3.398258  4.009804  2.337429  3.135604   \n",
       "H10  3.135604  4.009804  3.398258  0.000000  1.751457  2.520395  3.072298   \n",
       "H11  4.421253  4.552734  4.009804  1.751457  0.000000  3.073111  2.519237   \n",
       "H12  4.155176  3.896920  2.337429  2.520395  3.073111  0.000000  1.765946   \n",
       "H13  5.180339  4.421253  3.135604  3.072298  2.519237  1.765946  0.000000   \n",
       "H14  5.212880  5.285232  3.943992  2.504673  2.488829  1.760380  1.771736   \n",
       "\n",
       "          H14  \n",
       "C0   4.582052  \n",
       "C1   4.263008  \n",
       "S2   3.766642  \n",
       "C3   2.157208  \n",
       "C4   1.092250  \n",
       "H5   3.862830  \n",
       "H6   5.332444  \n",
       "H7   5.212880  \n",
       "H8   5.285232  \n",
       "H9   3.943992  \n",
       "H10  2.504673  \n",
       "H11  2.488829  \n",
       "H12  1.760380  \n",
       "H13  1.771736  \n",
       "H14  0.000000  "
      ]
     },
     "execution_count": 4,
     "metadata": {},
     "output_type": "execute_result"
    }
   ],
   "source": [
    "convert_xyz_to_df(original_r2h_xyz)"
   ]
  },
  {
   "cell_type": "code",
   "execution_count": 5,
   "metadata": {},
   "outputs": [],
   "source": [
    "import numpy as np\n",
    "def normalize_rows(matrix):\n",
    "    return matrix / np.linalg.norm(matrix, axis=1, keepdims=True)"
   ]
  },
  {
   "cell_type": "code",
   "execution_count": 6,
   "metadata": {},
   "outputs": [],
   "source": [
    "n_orig = normalize_rows(convert_xyz_to_df(original_r2h_xyz))\n",
    "n_g1 = normalize_rows(convert_xyz_to_df(g1_xyz))"
   ]
  },
  {
   "cell_type": "code",
   "execution_count": 7,
   "metadata": {},
   "outputs": [],
   "source": [
    "from scipy.spatial.distance import cdist\n",
    "distances = cdist(n_orig, n_g1, metric='euclidean')"
   ]
  },
  {
   "cell_type": "code",
   "execution_count": 8,
   "metadata": {},
   "outputs": [
    {
     "data": {
      "text/plain": [
       "array([[0.10179625, 0.3140648 , 0.57387641, 0.88679482, 0.95387506,\n",
       "        0.15479503, 0.14576092, 0.16552998, 0.40735545, 0.39908357,\n",
       "        0.80709214, 0.87450429, 0.85315304, 0.90887101, 0.93722689],\n",
       "       [0.3135934 , 0.03187116, 0.42847951, 0.76512599, 0.83423542,\n",
       "        0.33397512, 0.31973987, 0.32824026, 0.22027467, 0.21310482,\n",
       "        0.69682995, 0.7709131 , 0.72288095, 0.79110534, 0.83293316],\n",
       "       [0.59579309, 0.42342629, 0.02380574, 0.44847326, 0.58566693,\n",
       "        0.55438538, 0.60031039, 0.55478999, 0.42885575, 0.40667406,\n",
       "        0.42244156, 0.44675623, 0.53607417, 0.54211702, 0.59119295],\n",
       "       [0.86587159, 0.738206  , 0.42879645, 0.16959017, 0.36670938,\n",
       "        0.80307995, 0.8540944 , 0.8243971 , 0.70797493, 0.65770758,\n",
       "        0.2213475 , 0.18380454, 0.42109257, 0.37509525, 0.36109222],\n",
       "       [0.94486428, 0.81846966, 0.58295062, 0.33216375, 0.19395289,\n",
       "        0.89278131, 0.9172074 , 0.90442972, 0.74370006, 0.72588288,\n",
       "        0.37741729, 0.34126536, 0.27423786, 0.22972229, 0.20607067],\n",
       "       [0.29562788, 0.39411942, 0.53148341, 0.78824803, 0.85539512,\n",
       "        0.20967253, 0.29698099, 0.30337121, 0.46044845, 0.40903578,\n",
       "        0.70234118, 0.77356175, 0.76503648, 0.81776983, 0.83246372],\n",
       "       [0.17314829, 0.329072  , 0.58886254, 0.88167588, 0.93206577,\n",
       "        0.20931477, 0.07190938, 0.20759705, 0.38227488, 0.38941678,\n",
       "        0.80281413, 0.86825753, 0.82589783, 0.88555912, 0.91342943],\n",
       "       [0.19270433, 0.34094333, 0.52862139, 0.84462866, 0.92221327,\n",
       "        0.20434157, 0.21855859, 0.11863228, 0.40906161, 0.42458926,\n",
       "        0.76980564, 0.82603922, 0.83134641, 0.87346734, 0.90410291],\n",
       "       [0.3317493 , 0.16662565, 0.44383231, 0.7713467 , 0.83066593,\n",
       "        0.36174635, 0.3199273 , 0.32468806, 0.1427096 , 0.27016987,\n",
       "        0.70925297, 0.77147758, 0.71853995, 0.78131195, 0.82806508],\n",
       "       [0.43332811, 0.23149663, 0.42939869, 0.68762669, 0.72428522,\n",
       "        0.42713165, 0.40819558, 0.44140858, 0.24922999, 0.13975108,\n",
       "        0.61940226, 0.69939398, 0.60295953, 0.68592276, 0.72379154],\n",
       "       [0.76036066, 0.66813592, 0.42396194, 0.33948042, 0.49224417,\n",
       "        0.69026737, 0.7500413 , 0.72252891, 0.65869167, 0.59061613,\n",
       "        0.2532478 , 0.33053991, 0.49753214, 0.4934202 , 0.46518787],\n",
       "       [0.87340919, 0.75476044, 0.43996428, 0.21368607, 0.375391  ,\n",
       "        0.81169719, 0.85949884, 0.8265857 , 0.7167598 , 0.68001159,\n",
       "        0.26236924, 0.10823747, 0.44013544, 0.36466132, 0.35560966],\n",
       "       [0.81989961, 0.69586689, 0.54069855, 0.42869725, 0.33041318,\n",
       "        0.77226735, 0.78690787, 0.78788757, 0.61978108, 0.59850442,\n",
       "        0.41693263, 0.44491432, 0.24437371, 0.3338671 , 0.33007829],\n",
       "       [0.91136385, 0.77651964, 0.53962526, 0.34090315, 0.2166231 ,\n",
       "        0.86437886, 0.88292944, 0.86760954, 0.69297689, 0.69110704,\n",
       "        0.39312809, 0.33552444, 0.2685081 , 0.14626479, 0.23029165],\n",
       "       [0.93069186, 0.82168584, 0.59567711, 0.35949661, 0.25610154,\n",
       "        0.87581167, 0.90049249, 0.88865248, 0.74804525, 0.72937801,\n",
       "        0.38149289, 0.34491642, 0.3181154 , 0.27459551, 0.18687502]])"
      ]
     },
     "execution_count": 8,
     "metadata": {},
     "output_type": "execute_result"
    }
   ],
   "source": [
    "distances"
   ]
  },
  {
   "cell_type": "code",
   "execution_count": 9,
   "metadata": {},
   "outputs": [],
   "source": [
    "mapping = np.argmin(distances, axis=1)"
   ]
  },
  {
   "cell_type": "code",
   "execution_count": 10,
   "metadata": {},
   "outputs": [
    {
     "name": "stdout",
     "output_type": "stream",
     "text": [
      "Reconstructed to Original Mapping:\n",
      "Reconstructed Atom 0 -> Original Atom 0\n",
      "Reconstructed Atom 1 -> Original Atom 1\n",
      "Reconstructed Atom 2 -> Original Atom 2\n",
      "Reconstructed Atom 3 -> Original Atom 3\n",
      "Reconstructed Atom 4 -> Original Atom 4\n",
      "Reconstructed Atom 5 -> Original Atom 5\n",
      "Reconstructed Atom 6 -> Original Atom 6\n",
      "Reconstructed Atom 7 -> Original Atom 7\n",
      "Reconstructed Atom 8 -> Original Atom 8\n",
      "Reconstructed Atom 9 -> Original Atom 9\n",
      "Reconstructed Atom 10 -> Original Atom 10\n",
      "Reconstructed Atom 11 -> Original Atom 11\n",
      "Reconstructed Atom 12 -> Original Atom 12\n",
      "Reconstructed Atom 13 -> Original Atom 13\n",
      "Reconstructed Atom 14 -> Original Atom 14\n"
     ]
    }
   ],
   "source": [
    "print(\"Reconstructed to Original Mapping:\")\n",
    "for i, original_index in enumerate(mapping):\n",
    "    print(f\"Reconstructed Atom {i} -> Original Atom {original_index}\")"
   ]
  },
  {
